<<<<<<< HEAD
0,16,14,32,52,6
16,0,30,48,65,20
14,30,0,18,38,15
32,48,18,0,23,32
52,65,38,23,0,53
6,20,15,32,53,0
=======
0,22,19,25,32,37
22,0,4,46,22,35
19,4,0,42,20,32
25,46,42,0,48,44
32,22,20,48,0,16
37,35,32,44,16,0
>>>>>>> 4e5f9f78da36cfbd5b502ce43bdabf55e9482dd2
