0,16,14,32,52,6
16,0,30,48,65,20
14,30,0,18,38,15
32,48,18,0,23,32
52,65,38,23,0,53
6,20,15,32,53,0

