0,275,379,47,378,119,319,466,353,275,443
275,0,440,304,448,394,133,319,110,162,198
379,440,0,422,15,402,345,308,414,561,450
47,304,422,0,419,104,360,513,390,279,482
378,448,15,419,0,396,355,323,425,566,462
119,394,402,104,396,0,426,555,468,383,556
319,133,345,360,355,426,0,188,70,294,134
466,319,308,513,323,555,188,0,225,481,195
353,110,414,390,425,468,70,225,0,267,92
275,162,561,279,566,383,294,481,267,0,346
443,198,450,482,462,556,134,195,92,346,0
