0,360,1675,346,1207,54,405,358,328,747,619,136,181,1278,630,1256,567,1082,706,630,269,475,990,1175,1292,802,1373,778,931,351,1076,564,889,730,614,995,986,1493,1046,661,582,940,861,329,1467,908,1271,1547,827,1604,979,1327,408,552,665,562,888,932,1331,500,1465,1165,1537,805,706,1793,436,1139,233,727,1259,639,347,640,364,458,703,1071,391,196,689,713,432,796,1104,1483,1112,174,1182,1119,51,1205,725,482,1566,798,720,935,644,1185,387,952,1088,877,1299,607,330,1418,536,1260,657,1339,755,672,553,1307,374,892,618,386,1034,840,1447,1079,336,655,365,1076,1124,1573,701,838,266,990,915,838,746,591,727,976,1326,1068,590,895,682,742,1336,321,1060,544,725,1257,720,1190,1160,597,814,1210,1353,449,1470,389,696,1003,894,686,600,1040,501,756,1166,1451,1094,219,529,1331,1177,379,598,569,1776,150,1204,170,1266,594,988,562,1170,486,1550,150,1261,1032,1101,347,1248,1065,637,476,212
360,0,1806,610,1394,355,310,533,673,1107,601,234,470,1636,668,1615,592,1427,982,858,344,129,783,1420,1651,864,1470,1123,1179,75,1432,835,1235,756,914,1354,1134,1586,863,884,924,741,1208,103,1563,942,1079,1724,558,1812,1008,1349,540,542,993,219,704,1287,1254,503,1701,1430,1702,1164,866,1959,764,1026,250,844,1582,808,603,346,671,799,855,1076,54,419,984,794,109,503,1463,1546,1054,304,1513,1165,317,1565,895,598,1789,876,1012,1161,885,1544,51,1075,1287,938,1247,800,321,1652,225,992,990,1626,605,500,511,1242,626,1004,738,733,745,904,1619,1265,297,906,708,1404,1476,1746,496,584,234,1195,1064,1137,392,571,1084,1299,1119,763,810,1246,645,1044,1160,654,1326,853,1078,1590,984,1549,1415,722,1172,1359,1586,778,1587,582,428,1267,1023,1045,905,937,212,1060,1465,1706,1143,506,881,1082,1343,522,472,292,1934,430,1168,526,1259,547,750,903,1526,303,1728,347,1543,817,1200,661,1053,1180,281,217,531
1675,1806,0,1342,515,1729,1502,2012,1488,1651,1226,1755,1814,1682,1142,1709,2242,1386,2141,2177,1484,1800,1455,719,1734,947,356,1377,867,1865,1900,1174,1932,1065,1203,1759,690,271,1378,1034,1389,1438,1394,1871,280,895,1408,263,1642,422,843,624,1289,1273,1289,1989,1405,1846,979,1306,584,816,214,1712,970,236,1379,1140,1579,967,1184,2251,1944,1699,1875,1420,974,831,1859,1484,2084,2372,1914,1706,1807,390,982,1565,1243,693,1663,1803,950,1220,509,931,2110,809,2168,1848,1856,733,635,878,894,2201,1487,585,1736,1711,1310,913,1369,2292,2222,941,1311,803,2265,1757,1737,908,293,622,1510,1072,1466,1213,1500,236,2298,1600,1582,727,761,1090,1928,1253,1542,1189,1474,1808,1096,1885,2355,1145,1353,1793,857,1269,1465,1288,1049,1844,766,1095,1756,466,592,1854,222,2028,2231,876,788,1629,1999,1140,1700,1147,999,699,706,1465,1758,1649,510,2043,2240,2097,187,1802,873,1683,752,2263,1553,1387,1928,2089,267,1826,884,1480,609,1851,1419,626,1995,2021,1788
346,610,1342,0,863,397,446,670,212,655,474,457,472,1110,426,1099,905,854,880,868,293,682,953,833,1137,541,1057,562,588,636,1014,227,888,513,306,898,657,1177,977,316,373,902,648,626,1149,657,1191,1204,881,1258,724,1058,207,425,407,829,841,883,1138,386,1122,830,1195,729,385,1451,206,991,367,432,978,920,610,754,561,267,387,829,658,191,840,1030,710,881,1003,1183,919,306,916,843,349,1084,396,253,1221,525,871,589,868,1082,654,637,743,608,1087,875,360,1074,693,1269,410,1018,700,1011,898,1106,32,587,925,481,1088,573,1104,736,388,311,219,805,924,1230,1035,874,394,645,587,527,933,458,587,699,1259,1139,247,872,1025,436,1236,483,725,254,550,996,381,1085,821,318,756,876,1009,579,1144,688,1011,666,578,596,745,893,649,452,855,1113,816,127,559,1312,837,701,941,876,1435,461,984,346,1020,939,986,351,1097,818,1206,494,936,999,792,537,1174,748,882,785,450
1207,1394,515,863,0,1259,1113,1526,986,1139,877,1303,1329,1230,775,1251,1767,916,1627,1670,1054,1414,1249,262,1280,611,390,867,351,1443,1404,672,1421,731,691,1262,283,470,1199,547,873,1216,892,1443,443,621,1309,341,1365,423,607,638,855,905,773,1596,1166,1341,966,923,369,367,337,1202,528,589,873,1018,1151,565,767,1752,1449,1364,1372,910,540,665,1447,1026,1570,1882,1503,1413,1320,561,854,1121,801,530,1202,1329,500,797,419,580,1596,296,1659,1368,1444,368,123,568,873,1700,1075,327,1372,1559,795,550,1085,1855,1759,920,833,440,1773,1249,1509,582,244,129,1101,571,962,746,1032,367,1870,1330,1161,220,341,579,1591,897,1029,701,1384,1579,616,1376,1888,629,1287,1291,369,759,953,863,538,1365,309,675,1245,157,273,1344,379,1538,1821,373,399,1115,1486,973,1330,632,558,440,522,989,1244,1531,94,1560,1793,1684,576,1322,798,1192,719,1800,1336,872,1441,1654,344,1356,484,1286,360,1348,1309,319,1620,1601,1296
54,355,1729,397,1259,0,440,307,360,757,666,121,142,1293,680,1270,513,1109,674,588,314,476,1023,1223,1306,854,1426,806,979,335,1077,611,882,780,657,1002,1039,1547,1081,713,613,973,887,309,1520,959,1307,1599,849,1654,1030,1379,461,599,700,546,922,932,1377,547,1514,1210,1589,812,760,1846,474,1182,267,780,1293,591,306,656,337,491,757,1122,379,250,662,660,416,813,1111,1537,1160,217,1215,1172,86,1214,778,535,1615,851,692,985,605,1191,375,1006,1140,929,1347,560,370,1466,547,1285,692,1381,792,628,502,1355,426,946,566,379,1054,893,1499,1131,373,705,398,1110,1145,1625,660,863,297,1042,968,879,746,638,744,1011,1360,1084,642,892,629,784,1374,305,1106,585,748,1288,767,1197,1207,650,818,1263,1402,432,1523,340,663,1049,948,697,575,1083,515,797,1207,1498,1146,269,526,1359,1229,326,551,539,1828,105,1253,173,1317,542,1016,593,1172,448,1602,98,1304,1064,1154,322,1283,1118,625,447,186
405,310,1502,446,1113,440,0,725,598,1068,291,371,582,1552,361,1539,858,1300,1111,1027,168,302,585,1171,1577,557,1163,1007,940,378,1420,638,1258,446,740,1318,842,1278,641,643,814,535,1094,393,1255,632,867,1435,448,1535,698,1040,290,233,852,488,482,1281,969,196,1440,1197,1408,1136,589,1664,644,756,174,551,1408,1015,745,309,769,698,575,768,362,304,1094,1045,414,439,1426,1236,760,236,1352,855,357,1515,621,325,1519,571,1125,906,1045,1506,359,777,1013,630,953,991,91,1391,268,866,855,1408,353,809,796,953,446,704,969,772,658,597,1328,986,72,685,624,1242,1369,1455,805,450,145,927,775,947,506,261,1016,1134,921,703,573,1255,934,864,934,720,1095,697,988,1434,769,1510,1173,439,1155,1064,1325,847,1283,766,729,1037,728,1005,1003,660,224,881,1262,1457,833,400,900,930,1054,730,776,596,1636,545,869,557,954,835,588,792,1509,610,1439,499,1321,628,894,751,843,879,508,527,617
358,533,2012,670,1526,307,725,0,555,789,970,354,198,1329,987,1298,262,1213,465,325,618,661,1291,1458,1330,1159,1722,931,1220,474,1036,858,810,1087,873,1000,1326,1842,1358,982,767,1244,1000,440,1815,1266,1582,1866,1086,1905,1336,1685,765,903,873,642,1198,897,1680,851,1749,1429,1861,820,1050,2115,678,1478,556,1079,1439,290,129,877,247,667,1049,1429,527,552,481,360,532,1035,1101,1837,1464,520,1350,1476,390,1214,1065,839,1857,1155,505,1241,354,1176,524,1300,1404,1234,1652,270,666,1703,757,1523,858,1574,1076,515,313,1659,702,1243,260,387,1278,1197,1770,1402,664,958,587,1255,1221,1893,570,1108,580,1306,1256,1080,900,941,818,1169,1630,1296,916,838,399,987,1655,298,1328,798,850,1413,1007,1183,1435,951,809,1546,1641,362,1813,50,636,1275,1241,740,423,1381,738,996,1392,1718,1451,550,517,1609,1506,44,420,559,2101,213,1559,335,1623,343,1271,753,1132,422,1869,227,1505,1329,1451,258,1557,1412,734,489,236
328,673,1488,212,986,360,598,555,0,470,680,464,368,970,637,953,811,756,682,691,430,773,1146,903,990,747,1228,452,667,676,825,315,682,725,318,720,820,1347,1177,458,254,1094,536,656,1318,864,1395,1323,1046,1352,930,1256,412,626,340,885,1034,688,1349,582,1194,875,1323,540,568,1572,123,1202,469,630,933,765,464,892,388,130,574,1036,711,296,637,901,756,1034,828,1365,1130,394,855,1040,360,919,571,464,1302,729,667,694,686,908,707,816,864,811,1297,714,507,1148,810,1453,331,1031,893,982,831,1317,239,775,790,281,1256,777,1230,868,529,416,37,749,804,1351,1018,1044,503,766,755,530,1040,662,422,650,1460,1301,407,670,943,436,1442,306,773,243,407,929,455,912,880,525,561,1026,1087,381,1302,559,1023,720,758,408,543,1103,768,447,853,1165,1014,198,347,1503,978,593,900,897,1562,375,1194,224,1225,869,1170,234,912,808,1325,442,957,1192,973,363,1376,923,954,803,319
747,1107,1651,655,1139,757,1068,789,470,0,1127,877,683,545,1066,517,1037,455,586,712,900,1220,1608,952,552,1128,1472,276,789,1093,359,607,284,1139,511,251,1082,1580,1632,751,318,1556,288,1066,1551,1241,1844,1432,1516,1399,1297,1581,862,1080,382,1303,1496,234,1744,1041,1206,877,1453,76,906,1670,454,1628,932,994,721,846,660,1358,542,390,920,1407,1136,765,519,1033,1173,1503,360,1632,1533,856,622,1373,792,458,893,901,1325,1101,535,859,681,441,1132,1113,1026,1176,1679,786,977,1171,1269,1920,361,933,1355,1298,1102,1706,672,1098,925,409,1725,1148,1362,1053,999,674,446,556,438,1463,1348,1514,967,948,1033,561,1491,1113,109,511,1913,1771,742,245,1174,517,1884,502,806,483,186,666,649,445,911,924,112,1235,1125,432,1508,762,1389,778,1064,63,473,1533,1229,511,756,1136,1348,668,273,1967,1168,833,1205,1281,1674,714,1574,584,1580,1131,1637,334,443,1165,1432,802,891,1654,1261,532,1827,1202,1382,1192,612
619,601,1226,474,877,666,291,970,680,1127,0,630,799,1544,106,1539,1134,1256,1301,1246,352,576,496,983,1577,281,880,994,778,669,1485,574,1361,161,690,1365,595,993,507,508,827,446,1076,683,971,342,718,1181,508,1298,408,750,268,67,827,765,385,1357,712,119,1227,1030,1148,1201,394,1399,673,530,423,319,1307,1257,964,488,959,737,375,478,652,445,1272,1310,704,544,1467,947,494,450,1270,565,581,1540,429,228,1294,303,1304,723,1257,1544,650,518,793,348,683,1225,312,1180,511,824,837,1252,254,1100,1080,689,455,444,1225,921,688,318,1074,758,323,577,692,1163,1344,1198,1095,482,409,720,536,853,717,30,1051,1058,786,751,460,1346,1218,789,763,894,937,675,1004,1354,658,1546,995,260,1229,805,1115,1012,1004,1006,1014,882,479,1068,1177,430,474,806,1132,1262,544,507,1022,852,807,983,1066,884,1369,769,591,731,667,1119,548,807,1565,901,1185,745,1165,542,617,937,700,610,769,818,815
136,234,1755,457,1303,121,371,354,464,877,630,0,242,1411,663,1389,506,1218,770,666,286,358,939,1290,1425,849,1440,915,1045,216,1198,681,1001,762,741,1123,1067,1560,1005,764,718,891,998,193,1534,947,1229,1642,749,1709,1017,1367,468,564,799,428,844,1053,1334,514,1578,1285,1628,932,788,1885,569,1126,208,793,1393,644,391,548,444,594,781,1102,259,277,764,680,297,707,1232,1539,1120,193,1317,1166,110,1335,810,539,1675,852,794,1042,687,1312,255,1025,1187,925,1311,623,320,1530,435,1186,792,1466,721,555,468,1315,481,960,599,498,949,889,1540,1175,314,768,501,1211,1259,1667,578,766,228,1091,996,966,626,601,861,1109,1278,976,691,1012,604,871,1301,421,1180,673,861,1392,837,1317,1277,662,939,1294,1465,546,1545,398,563,1122,968,816,681,1030,406,885,1295,1569,1141,333,646,1266,1266,359,490,434,1865,201,1221,293,1295,509,925,698,1292,361,1646,132,1386,979,1166,432,1204,1136,505,341,299
181,470,1814,472,1329,142,582,198,368,683,799,242,0,1227,805,1200,445,1073,533,449,451,597,1164,1267,1235,970,1525,778,1027,434,979,662,771,905,685,918,1128,1645,1223,783,599,1115,854,403,1618,1079,1449,1669,987,1710,1150,1497,577,733,699,637,1064,835,1511,681,1558,1242,1663,728,853,1917,490,1320,408,885,1281,464,166,789,202,488,852,1245,483,365,523,558,509,948,1025,1643,1292,355,1196,1286,226,1132,867,650,1664,964,553,1044,464,1103,480,1103,1207,1044,1478,427,510,1512,676,1424,687,1397,934,632,465,1487,503,1048,455,279,1190,1007,1572,1204,514,762,402,1096,1096,1696,676,1002,438,1109,1058,898,861,772,689,1004,1502,1218,718,787,576,803,1515,191,1140,610,707,1264,813,1110,1246,758,728,1348,1449,309,1615,219,707,1086,1044,626,439,1221,647,814,1217,1532,1260,352,428,1500,1308,231,544,599,1903,41,1382,143,1440,502,1157,583,1075,483,1671,127,1324,1206,1255,192,1425,1215,722,511,71
1278,1636,1682,1110,1230,1293,1552,1329,970,545,1544,1411,1227,0,1461,44,1569,322,1044,1203,1390,1741,2040,977,52,1462,1616,551,944,1628,391,971,599,1510,855,343,1298,1699,2046,1070,739,1990,468,1603,1672,1560,2239,1426,1991,1326,1600,1809,1303,1512,718,1839,1928,475,2051,1482,1126,873,1468,510,1228,1624,908,1988,1438,1327,508,1347,1200,1856,1082,856,1246,1703,1668,1260,980,1540,1708,1990,274,1787,1863,1364,439,1627,1318,180,1202,1320,1236,1428,983,1032,1166,244,1665,1360,1153,1488,1972,1289,1463,1110,1779,2366,709,789,1792,1842,1641,2008,1116,1374,1439,954,2197,1469,1393,1196,1489,990,938,484,210,1457,1892,1983,1472,1112,1275,743,2010,1538,551,550,2313,2249,1096,547,1704,774,2262,1046,863,872,565,403,924,236,928,1302,525,1369,1092,968,1604,1299,1934,873,1327,601,968,1903,1737,758,684,1022,1606,1161,813,2395,1295,1373,1748,1823,1644,1257,1872,1122,1844,1668,2085,760,344,1710,1424,1345,801,2086,1478,1074,2227,1416,1914,1733,1157
630,668,1142,426,775,680,361,987,637,1066,106,663,805,1461,0,1458,1169,1167,1286,1245,377,658,585,877,1496,197,803,915,673,731,1422,491,1312,100,606,1298,495,919,584,410,757,538,994,742,895,284,784,1085,614,1197,354,704,236,132,747,847,477,1298,719,165,1123,924,1054,1141,288,1308,613,566,462,214,1207,1268,967,589,949,678,269,442,721,441,1252,1337,774,650,1397,884,498,473,1173,505,598,1466,323,173,1191,211,1283,617,1253,1473,718,422,688,271,676,1233,357,1075,602,916,759,1147,354,1163,1125,690,402,348,1246,895,790,237,978,654,375,483,645,1067,1259,1103,1163,587,456,615,434,757,816,122,984,964,855,855,368,1292,1262,698,819,879,832,599,932,1257,561,1475,889,163,1171,710,1010,990,922,1019,1090,778,379,1009,1156,469,563,715,1030,1157,481,484,984,935,708,1004,1121,956,1279,778,578,720,636,1165,644,738,1500,961,1089,767,1059,631,534,926,769,520,857,885,812
1256,1615,1709,1099,1251,1270,1539,1298,953,517,1539,1389,1200,44,1458,0,1536,337,1005,1165,1375,1722,2034,1000,38,1465,1635,545,957,1605,347,968,559,1510,852,306,1309,1720,2042,1072,727,1984,464,1580,1693,1564,2238,1454,1980,1358,1606,1822,1295,1505,713,1816,1923,436,2058,1474,1158,897,1495,479,1230,1655,895,1991,1422,1329,540,1309,1169,1841,1052,841,1248,1711,1647,1244,942,1503,1686,1978,231,1805,1868,1347,467,1638,1298,136,1205,1314,1268,1431,944,1045,1128,200,1643,1370,1170,1493,1980,1253,1450,1140,1763,2359,703,822,1786,1811,1609,2016,1106,1382,1403,925,2187,1473,1419,1213,1475,991,921,504,221,1485,1863,1973,1455,1127,1285,751,1991,1532,531,563,2312,2238,1095,507,1671,776,2263,1018,883,866,551,437,928,192,952,1300,491,1388,1120,936,1626,1267,1906,890,1336,575,931,1904,1721,761,710,1054,1617,1145,783,2391,1314,1342,1717,1798,1675,1231,1880,1098,1855,1636,2078,748,300,1682,1452,1319,830,2081,1490,1044,2225,1429,1893,1708,1130
567,592,2242,905,1767,513,858,262,811,1037,1134,506,445,1569,1169,1536,0,1470,608,431,792,700,1375,1712,1566,1354,1938,1192,1472,518,1252,1106,1019,1268,1129,1233,1552,2058,1455,1221,1029,1333,1259,489,2031,1453,1671,2108,1139,2154,1524,1873,967,1068,1134,609,1296,1119,1827,1018,2003,1687,2100,1060,1273,2355,934,1609,711,1290,1700,306,382,927,499,927,1269,1608,562,760,648,208,541,1075,1329,2043,1618,698,1610,1671,583,1443,1291,1040,2109,1355,663,1487,472,1400,562,1518,1647,1430,1811,337,822,1957,807,1562,1120,1835,1190,327,115,1811,935,1456,197,644,1308,1394,2009,1641,812,1204,845,1516,1473,2134,391,1170,725,1549,1481,1339,883,1103,1074,1430,1709,1312,1152,1055,138,1246,1752,558,1585,1054,1109,1672,1258,1408,1691,1159,1045,1777,1895,605,2036,277,499,1531,1460,991,620,1516,802,1256,1653,1976,1647,779,764,1661,1741,220,240,478,2339,447,1723,588,1800,116,1337,1015,1346,346,2111,416,1765,1408,1664,513,1644,1630,696,449,494
1082,1427,1386,854,916,1109,1300,1213,756,455,1256,1218,1073,322,1167,337,1470,0,1038,1166,1145,1520,1751,671,368,1151,1299,304,623,1431,538,684,654,1208,570,412,976,1386,1750,765,503,1702,221,1411,1358,1245,1936,1137,1725,1058,1283,1487,1032,1230,447,1640,1641,535,1733,1206,857,570,1174,468,919,1351,667,1678,1207,1018,279,1299,1088,1608,971,628,938,1385,1466,1024,971,1483,1512,1732,430,1469,1548,1136,181,1306,1115,416,891,1038,972,1116,984,711,1136,463,1462,1040,834,1174,1652,1239,1214,833,1544,2080,445,537,1508,1705,1523,1690,854,1056,1374,827,1926,1156,1094,876,1242,687,720,173,116,1168,1748,1712,1238,791,955,427,1781,1253,396,229,2011,1983,799,597,1608,470,1954,915,548,603,366,211,615,458,622,1005,505,1051,805,873,1293,1193,1769,553,1009,486,928,1595,1500,453,393,763,1286,928,713,2102,977,1257,1615,1648,1366,1095,1553,946,1523,1555,1803,524,548,1549,1135,1177,524,1797,1156,957,1925,1094,1708,1555,1006
706,982,2141,880,1627,674,1111,465,682,586,1301,770,533,1044,1286,1005,608,1038,0,180,967,1111,1696,1487,1029,1421,1903,835,1282,931,682,979,450,1381,937,702,1495,2020,1751,1131,757,1646,869,897,1991,1537,1977,1949,1518,1943,1604,1936,1049,1238,864,1107,1593,569,2004,1187,1760,1427,1959,572,1250,2196,771,1830,938,1310,1307,323,380,1317,344,723,1256,1708,983,856,67,514,994,1476,779,2045,1783,879,1208,1721,754,891,1252,1116,1877,1406,62,1332,139,839,981,1496,1506,1488,1960,276,1034,1721,1200,1956,844,1511,1460,930,711,1976,911,1457,431,401,1719,1453,1866,1519,1042,1077,693,1140,1003,1979,992,1535,970,1414,1432,1080,1361,1277,671,1085,2032,1743,1087,498,724,1007,2040,407,1341,873,736,1249,1092,847,1451,1198,540,1690,1668,302,1968,415,1082,1301,1439,571,142,1731,1175,1009,1330,1701,1695,802,385,2033,1634,493,837,1019,2192,572,1859,570,1900,723,1690,756,769,879,1950,641,1462,1737,1653,365,1954,1602,1198,953,495
630,858,2177,868,1670,588,1027,325,691,712,1246,666,449,1203,1245,1165,431,1166,180,0,899,986,1604,1554,1192,1398,1918,933,1335,799,853,1004,618,1344,982,860,1511,2037,1667,1149,822,1556,980,765,2008,1511,1892,2001,1409,2012,1581,1922,1011,1180,933,960,1507,732,1957,1128,1837,1505,2006,712,1250,2250,798,1769,854,1299,1426,146,283,1201,307,762,1254,1680,852,805,230,340,855,1360,944,2050,1737,804,1329,1708,674,1057,1257,1082,1951,1387,238,1375,41,1008,850,1501,1548,1469,1921,96,958,1795,1081,1846,914,1610,1380,755,537,1932,900,1454,252,422,1602,1433,1913,1555,961,1105,712,1251,1143,2031,818,1429,882,1452,1444,1152,1223,1219,781,1185,1943,1621,1096,663,544,1070,1961,388,1413,912,837,1377,1133,1016,1523,1178,685,1717,1738,331,1993,276,914,1367,1443,683,240,1670,1061,1074,1427,1787,1682,769,468,1930,1667,344,664,861,2243,483,1823,529,1875,547,1589,816,942,720,2003,534,1554,1644,1657,332,1868,1611,1052,802,433
269,344,1484,293,1054,314,168,618,430,900,352,286,451,1390,377,1375,792,1145,967,899,0,395,740,1078,1413,564,1160,848,837,389,1252,505,1093,476,597,1150,801,1279,787,541,652,689,935,391,1254,661,1012,1387,616,1470,731,1081,199,285,699,557,633,1113,1063,233,1357,1091,1368,968,527,1626,483,870,97,517,1269,905,616,466,623,534,517,817,396,136,945,962,452,604,1259,1255,846,98,1208,880,229,1348,554,263,1445,568,977,817,913,1339,393,750,944,640,1034,875,77,1308,400,1031,700,1292,496,809,751,1041,300,682,874,612,826,604,1283,925,99,568,457,1098,1210,1410,818,617,110,852,730,813,640,324,850,991,1070,871,467,1088,888,725,1073,568,987,547,825,1289,648,1343,1073,389,987,1028,1242,692,1269,654,768,928,695,838,852,770,356,742,1137,1363,856,232,736,1091,1007,632,757,631,1603,418,941,402,1010,791,751,631,1341,606,1391,393,1207,784,886,603,989,859,600,547,474
475,129,1800,682,1414,476,302,661,773,1220,576,358,597,1741,658,1722,700,1520,1111,986,395,0,680,1464,1759,853,1456,1218,1227,189,1551,899,1358,736,988,1469,1144,1569,765,929,1018,641,1304,222,1547,917,975,1737,440,1836,980,1309,575,527,1079,189,611,1406,1183,497,1737,1482,1710,1279,889,1965,854,948,316,853,1660,931,732,227,799,894,876,1036,139,498,1113,906,163,380,1578,1519,993,384,1596,1139,428,1678,921,622,1819,870,1141,1200,1014,1659,140,1078,1313,923,1185,925,348,1688,108,869,1078,1686,528,557,609,1175,693,1005,857,855,620,892,1630,1288,319,962,806,1486,1575,1757,538,470,288,1226,1077,1207,271,548,1191,1380,1010,635,856,1367,737,1117,1060,779,1379,933,1179,1675,1043,1664,1462,740,1289,1366,1622,904,1579,710,441,1320,1030,1157,1034,864,115,1134,1531,1750,1118,592,1002,963,1356,647,549,319,1937,556,1113,644,1211,641,637,997,1644,380,1741,475,1601,710,1191,788,948,1178,208,277,657
990,783,1455,953,1249,1023,585,1291,1146,1608,496,939,1164,2040,585,2034,1375,1751,1696,1604,740,680,0,1413,2072,660,1104,1490,1238,857,1966,1070,1825,563,1185,1851,975,1188,99,994,1317,52,1572,886,1176,628,296,1492,268,1642,648,850,747,531,1322,825,112,1833,587,567,1617,1477,1444,1681,859,1669,1158,349,757,766,1788,1578,1326,458,1354,1220,839,628,814,869,1679,1577,843,349,1955,1093,479,820,1757,773,941,2032,892,720,1661,696,1710,1170,1624,2033,814,885,1196,685,628,1561,667,1573,572,332,1332,1703,253,1222,1288,598,939,822,1517,1351,282,678,1391,1151,656,1067,1164,1652,1840,1501,1191,225,726,1145,938,1342,615,502,1539,1548,339,353,952,1815,1417,1282,380,1305,1394,1169,1496,1840,1146,2036,1434,748,1705,1133,1513,1431,1242,1336,1069,1344,871,1548,1588,317,573,1299,1602,1674,767,954,1472,359,1162,1289,1226,976,1628,1126,601,1140,724,1321,99,1297,2050,1059,1498,1071,1616,47,910,1336,269,934,773,953,1202
1175,1420,719,833,262,1223,1171,1458,903,952,983,1290,1267,977,877,1000,1712,671,1487,1554,1078,1464,1413,0,1028,754,652,676,245,1459,1182,612,1227,861,586,1042,450,725,1377,537,733,1375,682,1453,699,798,1512,481,1490,457,803,892,888,995,623,1634,1320,1134,1203,1000,291,105,510,1008,593,718,781,1225,1171,666,505,1652,1364,1454,1273,801,611,880,1472,1018,1424,1802,1527,1527,1088,822,1066,1126,543,759,1182,1087,559,846,400,718,1448,265,1538,1131,1468,539,232,733,1112,1597,1116,245,1439,1736,643,304,1219,1844,1721,1157,809,594,1690,1136,1655,736,425,283,1145,522,872,498,786,513,1868,1460,1188,268,476,406,1672,997,846,471,1589,1723,611,1177,1841,485,1502,1193,147,660,771,602,456,1127,49,742,1052,415,185,1223,627,1461,1838,187,544,940,1349,1167,1395,480,298,286,746,959,1102,1722,344,1496,1773,1701,722,1268,1028,1124,962,1761,1492,738,1209,1650,481,1318,228,1454,588,1250,1509,535,1672,1612,1222
1292,1651,1734,1137,1280,1306,1577,1330,990,552,1577,1425,1235,52,1496,38,1566,368,1029,1192,1413,1759,2072,1028,0,1501,1665,583,990,1641,363,1005,581,1547,890,334,1343,1749,2080,1109,765,2022,502,1616,1722,1600,2276,1478,2018,1378,1642,1855,1333,1543,750,1852,1960,460,2094,1512,1178,924,1520,511,1267,1676,933,2027,1459,1366,560,1336,1201,1879,1084,879,1285,1746,1683,1282,967,1530,1722,2015,251,1836,1904,1384,491,1672,1334,146,1242,1352,1288,1467,968,1078,1154,209,1679,1405,1201,1529,2015,1280,1488,1162,1800,2397,740,841,1824,1844,1641,2051,1144,1417,1431,959,2225,1510,1445,1244,1512,1028,959,534,254,1509,1896,2011,1493,1159,1320,786,2029,1570,569,596,2349,2276,1132,531,1700,813,2300,1051,913,903,589,455,964,200,979,1337,522,1418,1144,968,1654,1298,1941,921,1371,611,959,1941,1758,797,736,1073,1651,1183,816,2429,1344,1374,1750,1833,1696,1266,1915,1134,1889,1667,2116,786,307,1717,1476,1354,853,2119,1524,1077,2263,1462,1929,1744,1164
802,864,947,541,611,854,557,1159,747,1128,281,849,970,1462,197,1465,1354,1151,1421,1398,564,853,660,754,1501,0,606,936,586,927,1475,523,1393,123,629,1342,328,722,630,394,810,621,1007,937,699,117,792,902,754,1026,183,526,394,326,772,1041,567,1362,616,361,972,817,868,1204,235,1119,693,527,654,137,1146,1433,1127,766,1095,757,217,289,917,607,1381,1514,971,803,1435,691,408,657,1127,318,775,1491,260,320,1030,37,1412,513,1402,1506,914,244,541,76,554,1394,552,926,791,986,788,1043,475,1358,1315,579,511,171,1419,1022,905,40,796,500,571,476,746,1028,1254,919,1359,720,650,485,280,726,995,306,1035,932,868,974,387,1366,1452,689,804,1020,738,646,973,1209,537,1506,774,223,1238,527,863,1120,726,1188,1286,690,215,1077,1286,446,754,704,951,1020,293,629,1091,982,534,1180,1316,1153,1088,947,450,870,479,1355,739,794,1544,1156,907,945,957,702,338,1071,784,330,1049,1081,968
1373,1470,356,1057,390,1426,1163,1722,1228,1472,880,1440,1525,1616,803,1635,1938,1299,1903,1918,1160,1456,1104,652,1665,606,0,1213,696,1533,1765,924,1757,720,981,1623,409,120,1029,773,1178,1085,1251,1541,94,543,1078,425,1286,604,488,307,973,931,1093,1645,1050,1689,670,968,672,757,366,1541,673,566,1133,800,1254,648,1157,1977,1667,1346,1611,1183,673,477,1523,1178,1852,2082,1577,1351,1689,171,637,1247,1190,337,1355,1707,662,901,657,595,1881,617,1914,1742,1520,421,466,533,579,1931,1155,646,1388,1371,1114,928,1014,1963,1908,627,1025,481,1980,1507,1384,566,348,428,1176,829,1212,1131,1415,424,1965,1244,1253,528,474,928,1574,908,1364,1077,1148,1455,822,1716,2044,956,1033,1530,752,1036,1289,1253,830,1740,699,779,1583,248,615,1606,138,1743,1892,747,480,1440,1762,791,1353,963,948,773,350,1172,1532,1317,321,1748,1917,1759,524,1509,537,1404,424,1949,1201,1172,1810,1760,431,1522,869,1130,274,1587,1086,309,1647,1687,1508
778,1123,1377,562,867,806,1007,931,452,276,994,915,778,551,915,545,1192,304,835,933,848,1218,1490,676,583,936,1213,0,520,1127,558,425,555,971,311,418,836,1317,1498,543,199,1440,87,1107,1288,1042,1697,1155,1442,1124,1091,1347,752,960,168,1336,1378,476,1544,931,933,602,1177,335,703,1394,366,1457,906,800,508,1053,812,1314,699,324,720,1199,1162,724,769,1228,1208,1444,501,1377,1343,834,419,1146,811,555,683,769,1052,904,789,596,909,570,1158,879,758,973,1471,994,920,897,1245,1815,158,678,1241,1410,1236,1504,566,876,1116,551,1647,949,1087,788,946,461,415,325,362,1187,1452,1432,938,685,796,289,1481,987,170,252,1770,1700,556,509,1330,264,1725,634,530,321,99,485,413,570,635,758,379,971,849,615,1241,917,1468,502,836,268,706,1367,1201,254,496,868,1122,627,466,1846,902,975,1322,1345,1397,798,1369,647,1359,1270,1533,221,616,1249,1155,877,627,1536,1019,681,1683,958,1404,1252,714
931,1179,867,588,351,979,940,1220,667,789,778,1045,1027,944,673,957,1472,623,1282,1335,837,1227,1238,245,990,586,696,520,0,1215,1069,368,1072,676,354,926,355,797,1215,298,525,1196,554,1209,768,658,1374,668,1285,685,683,865,653,780,423,1394,1137,996,1122,778,535,257,678,853,385,916,546,1098,929,473,563,1425,1130,1231,1045,574,405,778,1230,773,1223,1568,1285,1316,994,863,953,882,557,687,937,1017,350,617,638,549,1248,88,1321,1049,1226,425,238,587,1038,1371,880,488,1208,1568,444,475,1025,1599,1478,1078,564,455,1457,913,1462,579,585,269,908,277,638,470,736,698,1623,1260,948,171,343,232,1444,787,679,394,1451,1528,371,1028,1599,278,1378,964,160,427,603,635,213,1048,236,523,896,452,424,1005,720,1225,1594,105,404,764,1141,1026,1164,280,365,527,668,714,897,1568,382,1257,1528,1458,911,1026,942,885,903,1518,1309,525,1114,1405,669,1074,387,1282,534,1021,1367,472,1434,1368,985
351,75,1865,636,1443,335,378,474,676,1093,669,216,434,1628,731,1605,518,1431,931,799,389,189,857,1459,1641,927,1533,1127,1215,0,1408,863,1205,821,935,1337,1188,1649,937,923,929,815,1211,34,1625,1008,1153,1776,627,1859,1076,1418,588,609,1005,211,779,1263,1328,567,1742,1464,1755,1146,916,2013,775,1102,293,900,1598,742,554,414,631,805,906,1145,52,446,936,721,81,568,1445,1613,1128,333,1525,1232,316,1550,944,650,1833,938,963,1202,828,1525,50,1133,1333,1002,1321,737,378,1693,293,1058,1000,1655,680,432,436,1316,655,1062,668,706,809,968,1671,1314,356,940,712,1417,1475,1799,433,655,284,1240,1118,1160,431,639,1077,1314,1192,823,849,1219,570,1066,1235,623,1359,871,1076,1601,1016,1531,1451,775,1151,1414,1627,742,1648,524,380,1300,1080,1032,861,1012,284,1081,1489,1742,1210,524,856,1151,1396,459,399,243,1989,395,1241,508,1330,472,821,909,1503,232,1780,308,1572,890,1261,624,1126,1239,291,158,500
1076,1432,1900,1014,1404,1077,1420,1036,825,359,1485,1198,979,391,1422,347,1252,538,682,853,1252,1551,1966,1182,363,1475,1765,558,1069,1408,0,952,235,1493,848,143,1394,1865,1991,1089,668,1915,515,1379,1836,1586,2202,1660,1868,1593,1639,1904,1221,1439,708,1615,1854,145,2089,1399,1392,1089,1691,286,1247,1882,812,1983,1277,1340,807,999,910,1703,801,748,1263,1748,1455,1116,623,1193,1486,1852,121,1931,1882,1201,714,1702,1124,217,1231,1259,1509,1446,620,1150,814,159,1451,1437,1304,1519,2021,945,1329,1365,1609,2277,690,1074,1713,1550,1338,2050,1031,1430,1100,702,2078,1493,1606,1337,1350,1009,803,702,445,1691,1606,1868,1312,1238,1354,838,1822,1472,441,711,2271,2121,1088,198,1382,822,2241,788,1043,831,503,717,969,168,1135,1278,265,1520,1332,682,1783,998,1667,1031,1392,419,633,1888,1571,812,925,1301,1678,1022,552,2325,1449,1078,1454,1572,1894,1015,1917,907,1914,1360,1994,685,96,1445,1659,1105,1059,2012,1577,800,2185,1516,1699,1488,910
564,835,1174,227,672,611,638,858,315,607,574,681,662,971,491,968,1106,684,979,1004,505,899,1070,612,1005,523,924,425,368,863,952,0,877,547,116,820,516,1041,1075,154,288,1021,504,853,1012,635,1273,1010,1046,1049,691,986,355,547,257,1053,959,840,1138,524,903,604,1009,682,300,1259,209,1035,588,388,769,1080,777,946,702,260,313,800,883,417,928,1211,936,1058,915,1069,930,532,716,774,572,978,290,355,1005,495,957,383,996,989,879,526,550,570,1072,1029,562,855,900,1398,270,792,825,1234,1110,1100,209,499,1102,586,1244,542,916,553,591,102,292,606,770,1038,1259,1031,612,452,455,309,1140,570,512,499,1345,1302,136,848,1232,226,1301,620,498,124,451,799,156,990,597,334,718,714,791,684,991,867,1238,441,471,558,838,944,855,243,632,888,748,348,610,1424,663,893,1161,1103,1248,660,968,523,976,1150,1119,274,1023,1043,1012,706,710,1116,681,678,1259,627,1103,1012,625
889,1235,1932,888,1421,882,1258,810,682,284,1361,1001,771,599,1312,559,1019,654,450,618,1093,1358,1825,1227,581,1393,1757,555,1072,1205,235,877,0,1392,790,264,1364,1864,1859,1027,592,1773,547,1174,1835,1507,2077,1708,1703,1665,1567,1860,1093,1308,665,1408,1714,127,2007,1264,1469,1146,1731,220,1177,1943,702,1878,1103,1262,933,764,687,1526,582,637,1190,1676,1254,958,389,958,1281,1679,330,1916,1793,1030,834,1649,938,442,1167,1141,1587,1367,388,1143,579,390,1250,1393,1310,1445,1946,710,1169,1436,1425,2124,644,1176,1573,1321,1107,1971,910,1374,865,504,1913,1416,1642,1337,1187,952,669,792,591,1739,1378,1708,1139,1232,1314,843,1627,1344,393,769,2142,1951,1011,57,1147,801,2124,582,1082,753,469,857,932,398,1184,1181,176,1519,1394,465,1792,770,1444,1057,1342,321,399,1780,1389,795,1008,1390,1624,870,361,2181,1452,850,1225,1355,1949,810,1842,719,1854,1128,1843,604,327,1225,1708,898,1144,1870,1542,585,2058,1484,1494,1274,705
730,756,1065,513,731,780,446,1087,725,1139,161,762,905,1510,100,1510,1268,1208,1381,1344,476,736,563,861,1547,123,720,971,676,821,1493,547,1392,0,660,1365,448,833,546,443,825,520,1047,834,811,187,729,1025,636,1148,257,605,333,213,804,926,462,1373,625,255,1089,918,990,1214,297,1241,690,490,560,203,1226,1368,1066,643,1046,755,277,342,808,541,1346,1437,860,682,1462,791,406,573,1200,411,698,1525,330,266,1150,151,1377,610,1351,1536,805,366,656,187,579,1332,452,1043,671,893,817,1143,360,1253,1222,595,487,292,1346,988,795,159,918,617,468,522,729,1097,1305,1042,1251,603,551,593,395,788,872,188,1052,996,803,862,415,1370,1360,739,754,975,832,663,997,1283,594,1537,878,215,1246,649,979,1084,844,1119,1173,781,333,1084,1251,397,635,756,1039,1132,388,580,1072,900,656,1105,1215,1042,1209,878,479,818,536,1262,634,807,1567,1052,1030,867,1056,607,457,1023,717,452,930,973,911
614,914,1203,306,691,657,740,873,318,511,690,741,685,855,606,852,1129,570,937,982,597,988,1185,586,890,629,981,311,354,935,848,116,790,660,0,713,579,1094,1190,241,199,1136,388,922,1065,738,1387,1019,1157,1037,791,1070,463,661,144,1133,1074,743,1241,636,876,558,1025,585,399,1268,195,1147,673,493,672,1071,779,1049,691,220,415,900,960,494,881,1216,1011,1167,806,1134,1037,611,612,862,631,865,383,469,985,599,908,395,970,877,956,603,569,671,1173,1017,660,831,996,1513,159,725,940,1284,1145,1202,297,587,1105,560,1357,645,932,582,688,163,286,502,655,1049,1315,1143,700,477,525,225,1236,685,411,395,1460,1413,246,756,1260,131,1415,610,455,75,345,694,155,878,562,448,624,756,770,654,1034,876,1304,402,553,469,796,1057,951,146,555,847,837,411,556,1540,698,912,1207,1171,1262,689,1069,541,1070,1184,1234,191,915,1100,1021,747,648,1232,753,667,1374,696,1188,1079,637
995,1354,1759,898,1262,1002,1318,1000,720,251,1365,1123,918,343,1298,306,1233,412,702,860,1150,1469,1851,1042,334,1342,1623,418,926,1337,143,820,264,1365,713,0,1253,1723,1872,953,540,1800,372,1309,1694,1452,2080,1521,1766,1459,1503,1764,1104,1321,571,1547,1739,138,1955,1284,1258,951,1551,191,1112,1746,694,1854,1183,1206,688,1004,872,1609,756,631,1128,1612,1381,1015,637,1197,1416,1754,109,1789,1750,1107,592,1563,1040,215,1094,1137,1376,1312,641,1007,823,190,1378,1297,1161,1384,1885,947,1227,1231,1520,2167,554,947,1599,1515,1310,1915,913,1292,1097,639,1975,1358,1466,1195,1249,872,695,569,333,1553,1568,1763,1218,1095,1214,696,1740,1353,314,571,2150,2021,956,209,1367,682,2116,730,902,701,369,604,830,195,995,1149,192,1378,1195,639,1640,967,1619,889,1253,314,626,1761,1480,671,791,1171,1539,918,491,2210,1307,1044,1420,1516,1757,951,1781,829,1776,1335,1883,559,203,1395,1520,1041,927,1898,1436,751,2064,1375,1627,1429,847
986,1134,690,657,283,1039,842,1326,820,1082,595,1067,1128,1298,495,1309,1552,976,1495,1511,801,1144,975,450,1343,328,409,836,355,1188,1394,516,1364,448,579,1253,0,527,932,364,777,940,886,1191,498,351,1062,593,1082,702,353,514,604,626,700,1329,889,1306,772,649,645,531,568,1153,280,826,724,776,898,291,904,1574,1265,1084,1205,776,286,435,1187,795,1444,1686,1243,1130,1330,555,619,878,908,333,973,1363,262,538,702,297,1473,267,1506,1390,1184,91,222,291,686,1527,813,600,1096,1293,721,752,803,1609,1532,727,625,157,1582,1099,1230,301,486,176,838,422,804,825,1089,613,1619,1048,904,198,72,565,1311,616,975,747,1139,1300,416,1327,1665,572,1053,1123,474,630,902,984,433,1389,480,413,1194,227,539,1198,487,1344,1561,441,116,1044,1354,718,1055,582,695,699,314,777,1125,1274,213,1355,1554,1425,802,1115,593,1002,549,1573,1059,769,1448,1407,597,1136,670,1014,183,1180,1060,122,1348,1345,1106
1493,1586,271,1177,470,1547,1278,1842,1347,1580,993,1560,1645,1699,919,1720,2058,1386,2020,2037,1279,1569,1188,725,1749,722,120,1317,797,1649,1865,1041,1864,833,1094,1723,527,0,1109,890,1290,1172,1350,1659,29,652,1137,413,1383,597,594,353,1092,1045,1202,1758,1141,1793,712,1083,699,831,348,1647,793,500,1250,869,1372,768,1227,2097,1787,1452,1731,1299,793,569,1639,1298,1968,2202,1692,1450,1785,132,712,1366,1268,438,1475,1798,782,1020,664,713,1997,721,2032,1836,1636,542,562,648,625,2051,1273,681,1498,1440,1223,984,1115,2080,2027,673,1145,601,2100,1625,1470,682,363,529,1293,944,1330,1216,1502,403,2081,1339,1370,632,593,1029,1679,1021,1471,1168,1204,1540,941,1822,2163,1063,1084,1649,838,1151,1395,1327,942,1833,773,899,1690,346,661,1724,110,1863,2006,839,601,1549,1879,872,1464,1069,1023,808,454,1293,1647,1379,416,1869,2035,1874,454,1629,602,1524,481,2068,1286,1284,1906,1878,419,1642,933,1211,394,1706,1148,430,1758,1803,1628
1046,863,1378,977,1199,1081,641,1358,1177,1632,507,1005,1223,2046,584,2042,1455,1750,1751,1667,787,765,99,1377,2080,630,1029,1498,1215,937,1991,1075,1859,546,1190,1872,932,1109,0,987,1334,125,1578,965,1098,581,225,1427,366,1583,592,765,770,552,1330,917,161,1860,489,595,1568,1446,1377,1706,843,1595,1179,255,815,746,1771,1647,1386,548,1408,1243,823,558,896,911,1732,1655,928,447,1974,1009,396,873,1746,705,998,2047,875,735,1606,667,1763,1142,1686,2051,896,841,1154,644,534,1628,718,1525,658,361,1341,1671,291,1312,1371,502,960,782,1591,1396,370,642,1328,1107,710,1063,1193,1642,1843,1435,1284,321,785,1110,901,1333,713,519,1558,1541,284,438,951,1847,1502,1280,298,1355,1368,1180,1511,1829,1138,2053,1400,745,1733,1076,1467,1479,1168,1403,1164,1319,833,1573,1639,239,655,1297,1580,1630,701,991,1511,354,1109,1359,1314,1067,1554,1186,514,1189,638,1405,193,1314,2072,1145,1433,1136,1586,105,852,1389,202,881,868,1041,1257
661,884,1034,316,547,713,643,982,458,751,508,764,783,1070,410,1072,1221,765,1131,1149,541,929,994,537,1109,394,773,543,298,923,1089,154,1027,443,241,953,364,890,987,0,435,947,613,918,861,499,1171,887,1008,945,550,834,354,498,382,1097,887,984,1002,489,819,555,880,826,160,1135,361,919,634,258,799,1218,910,938,844,415,177,659,935,488,1081,1340,990,1032,1043,915,800,592,763,623,660,1097,142,323,912,362,1110,279,1143,1113,932,371,427,431,932,1168,581,770,911,1326,399,766,762,1319,1214,962,287,347,1232,735,1195,406,789,421,610,82,440,658,863,914,1339,986,651,329,301,347,1148,512,652,555,1246,1257,74,995,1341,297,1192,762,453,276,586,847,152,1113,533,248,864,570,704,834,844,995,1303,394,317,706,990,832,866,313,630,823,597,443,765,1340,525,1014,1253,1166,1120,775,828,650,829,1255,1054,423,1155,1122,890,810,679,1040,526,819,1160,473,1136,1078,754
582,924,1389,373,873,613,814,767,254,318,827,718,599,739,757,727,1029,503,757,822,652,1018,1317,733,765,810,1178,199,525,929,668,288,592,825,199,540,777,1290,1334,435,0,1267,285,910,1261,923,1540,1191,1254,1190,979,1268,572,786,111,1138,1205,552,1426,752,1015,683,1203,394,588,1438,169,1315,707,676,684,926,656,1119,552,125,601,1088,963,526,698,1087,1010,1252,641,1332,1216,635,602,1057,613,715,575,599,1129,782,723,580,805,717,959,801,754,858,1360,869,725,972,1047,1638,93,808,1066,1227,1063,1388,381,782,974,409,1460,830,1110,772,751,361,217,499,559,1222,1265,1246,740,666,724,329,1282,816,227,405,1611,1512,424,560,1165,250,1575,478,590,164,178,675,349,720,701,610,430,949,917,492,1227,759,1275,546,750,271,618,1221,1004,253,625,968,1032,428,372,1676,888,809,1141,1150,1435,614,1256,461,1263,1099,1355,22,742,1059,1192,689,743,1364,952,531,1525,895,1205,1057,539
940,741,1438,902,1216,973,535,1244,1094,1556,446,891,1115,1990,538,1984,1333,1702,1646,1556,689,641,52,1375,2022,621,1085,1440,1196,815,1915,1021,1773,520,1136,1800,940,1172,125,947,1267,0,1522,844,1159,595,339,1466,247,1614,620,840,696,480,1272,792,62,1781,597,516,1584,1436,1420,1629,814,1648,1107,354,708,723,1742,1531,1277,423,1304,1169,794,608,774,818,1629,1534,804,328,1904,1082,470,770,1710,751,892,1982,848,670,1630,657,1660,1129,1576,1982,773,850,1159,649,630,1514,616,1539,534,379,1282,1662,201,1188,1248,604,888,785,1473,1300,300,641,1364,1115,605,1020,1113,1605,1791,1476,1159,201,677,1106,900,1295,593,452,1487,1501,387,371,904,1764,1378,1234,420,1254,1352,1119,1445,1794,1099,1985,1394,700,1654,1104,1479,1380,1223,1289,1040,1301,834,1496,1538,308,532,1251,1558,1638,743,903,1421,410,1130,1243,1189,943,1609,1077,595,1089,716,1281,120,1246,1998,1021,1472,1023,1575,98,883,1286,314,904,744,916,1152
861,1208,1394,648,892,887,1094,1000,536,288,1076,998,854,468,994,464,1259,221,869,980,935,1304,1572,682,502,1007,1251,87,554,1211,515,504,547,1047,388,372,886,1350,1578,613,285,1522,0,1190,1322,1110,1775,1163,1528,1118,1156,1399,837,1044,250,1421,1460,453,1610,1015,923,599,1190,331,772,1396,453,1530,993,870,448,1105,877,1401,762,410,790,1263,1247,811,802,1284,1292,1530,444,1417,1413,920,353,1203,895,485,750,852,1041,974,820,636,953,506,1243,935,789,1040,1535,1046,1007,889,1332,1898,242,645,1324,1486,1307,1568,652,937,1173,615,1732,1018,1102,823,1033,531,500,272,276,1195,1529,1517,1025,724,851,324,1567,1070,199,224,1848,1785,632,496,1397,322,1801,701,538,405,150,413,475,506,638,836,374,1005,847,670,1269,983,1548,520,895,299,746,1442,1288,309,468,849,1180,713,515,1927,935,1044,1397,1427,1403,875,1433,726,1418,1341,1617,307,562,1328,1163,956,604,1618,1069,746,1762,1008,1489,1334,788
329,103,1871,626,1443,309,393,440,656,1066,683,193,403,1603,742,1580,489,1411,897,765,391,222,886,1453,1616,937,1541,1107,1209,34,1379,853,1174,834,922,1309,1191,1659,965,918,910,844,1190,0,1634,1021,1182,1778,659,1857,1089,1433,589,622,988,237,806,1234,1350,578,1737,1455,1758,1119,917,2016,758,1126,294,905,1581,709,520,447,599,785,908,1161,87,436,903,691,107,602,1418,1624,1148,327,1507,1244,297,1522,944,653,1830,946,930,1197,794,1497,84,1138,1332,1012,1341,703,386,1689,325,1091,982,1643,705,422,411,1337,646,1068,636,677,842,977,1673,1314,366,933,693,1400,1452,1801,428,686,289,1238,1121,1147,465,653,1053,1298,1222,857,844,1189,547,1053,1263,593,1350,857,1054,1583,1007,1503,1443,779,1123,1418,1623,711,1655,490,386,1291,1084,1006,828,1035,315,1067,1476,1736,1222,511,826,1183,1398,425,382,250,1993,365,1260,482,1347,448,852,890,1474,219,1782,276,1562,920,1269,592,1156,1246,320,160,469
