0,22,19,25,32,37
22,0,4,46,22,35
19,4,0,42,20,32
25,46,42,0,48,44
32,22,20,48,0,16
37,35,32,44,16,0
